10831,43.218,-113.2272,-1,12271,0.4725,2300,0.5275,35,12314,0.66547,10480,0.030003,2043,0.26101,8381,0.043518,43,9979,0.52645,12632,0.019084,12680,0.24308,7651,0.21139,71,12817,0.24737,12624,0.35881,9603,0.39382,53,11543,0.57744,4796,0.42256,30,9198,0.18194,12301,0.6107,11461,0.20737,45,12629,0.79788,10652,0.20212,23
12271,44.58,-88.0565,10831,6638,0.12909,3272,0.24155,6510,0.34296,4182,0.12003,12975,0.16636,93,3241,0.33971,6888,0.54773,1515,0.11256,55
2300,52.0456,-95.4658,10831,7821,0.37555,6473,0.13833,12369,0.26437,6888,0.22175,64,3587,0.31172,10597,0.040913,10588,0.31986,4126,0.32751,54
12314,42.0458,-110.966,10831,5896,0.25252,11168,0.33599,6564,0.41149,53,8765,0.66075,5910,0.33925,29
10480,29.7478,-90.8329,10831,3519,0.29177,11139,0.17481,2837,0.25924,6828,0.084311,5932,0.18987,80
2043,52.8167,-102.3114,10831,1899,0.62164,12975,0.055426,6510,0.32293,46,84,0.047981,11597,0.4814,11670,0.47061,43
8381,32.7918,-93.9571,10831,10387,0.43174,6254,0.081996,6169,0.34232,2185,0.14394,58
9979,32.7692,-97.4415,10831,5981,0.62795,1524,0.14598,3971,0.22607,44,2038,0.15906,3436,0.37597,3969,0.46497,34
12632,30.5227,-89.707,10831,9060,0.060672,4174,0.17986,1556,0.096169,6617,0.24939,6072,0.24903,13084,0.16487,112
12680,33.6503,-100.3505,10831,1515,0.15586,4737,0.24507,6473,0.38209,6286,0.21698,78,6072,0.21663,11147,0.14557,181,0.19218,9060,0.26695,6079,0.059768,6253,0.1189,120
7651,42.1625,-85.5458,10831,3021,0.20501,3699,0.33571,4913,0.45927,60,6349,0.85762,1102,0.14238,20,6835,0.52149,6333,0.47851,40
12817,28.1922,-100.0722,10831,10861,0.3862,6604,0.34293,5981,0.27088,38,6152,0.64039,12765,0.35961,20
12624,42.1666,-112.2966,10831,6015,0.27905,6286,0.20828,8131,0.023657,3241,0.35669,6888,0.13233,61,6674,0.2682,12391,0.7318,24
9603,38.8362,-89.3784,10831,4182,0.25079,5908,0.025448,3473,0.10594,1899,0.1084,6638,0.33851,6510,0.17091,106,5932,0.40207,6253,0.52201,3519,0.075929,60
11543,33.3016,-104.5306,10831,6130,0.62148,11192,0.037092,1099,0.34143,40
4796,19.8499,-101.0254,10831,6306,0.30839,5855,0.1127,6255,0.28376,6462,0.29515,64,6546,0.92679,6108,0.073211,30
9198,46.1375,-89.646,10831,3417,0.1465,3625,0.038822,6155,0.16524,11670,0.16201,5981,0.19803,1524,0.28939,102
12301,44.3604,-89.839,10831,6820,0.76237,3886,0.045618,6250,0.19201,44,3187,0.37829,167,0.31179,6379,0.17833,4377,0.13159,42
11461,40.6592,-95.8628,10831,6079,0.2342,3412,0.1602,13084,0.063196,6728,0.13504,4174,0.053323,6617,0.23761,6828,0.11644,136
12629,41.1193,-95.9085,10831,1054,0.0085369,1517,0.41214,3473,0.31149,3272,0.26782,66,6181,0.42776,1924,0.055624,9472,0.51662,30,9442,0.62061,6763,0.37939,39
10652,38.776,-122.9926,10831,1925,0.053,2339,0.45171,2433,0.49529,50
6638,-24.0797,-54.1881,12271,9603,364,0.65444,1207,0.34556,27,6528,0.34234,4390,0.34552,5584,0.31214,52
3272,54.1533,8.9017,12271,12629,5085,0.27115,5809,0.29914,4653,0.17781,12789,0.16301,364,0.088879,94
6510,-16.8519,-42.0461,12271,9603,2043,7581,1,20,481,0.64739,1249,0.35261,23
3241,51.7067,10.0395,12271,12624,1329,0.88321,1152,0.11679,20,2604,1,16,7080,1,17
6888,4.7167,-59.9833,12271,2300,12624,5604,0.88635,7283,0.11365,25
7821,43.2051,-76.1788,2300,1107,0.21118,1037,0.07621,7229,0.44462,574,0.26799,40,2483,0.43628,1220,0.56372,22
6473,0.8664,-51.4006,2300,12680,7211,0.50089,4447,0.1562,4433,0.015064,5647,0.32785,78,2868,0.65526,2724,0.34474,35
12369,45.4612,-69.5978,2300,8468,1,14,996,1,16
3587,52.1661,4.4179,2300,3960,0.52296,211,0.47704,22
10597,40.3001,-75.5899,2300,5608,0.63771,11922,0.36229,22
10588,40.7422,-75.2429,2300,5727,0.56298,935,0.43702,21,7333,0.62469,5877,0.37531,37
4126,47.1948,2.066,2300,566,0.042604,7109,0.9574,38
5896,-27.3858,-55.9706,12314,3073,0.24787,5287,0.36113,173,0.391,54,745,0.34348,3941,0.48912,2735,0.051833,5178,0.11556,65
11168,45.6923,-85.5666,12314,3387,0.079154,7941,0.92085,32,5880,1,11
6564,-5.5914,-78.7714,12314,2748,0.31054,4523,0.31858,12355,0.37088,43,2824,1,13
8765,43.7292,-83.4625,12314,8383,0.077451,5190,0.10673,7229,0.087382,1412,0.15106,1107,0.22669,1037,0.069277,6161,0.059062,4583,0.22235,155,6512,1,10
5910,-45.7853,-67.4656,12314,4618,0.5687,1190,0.095219,5531,0.33609,43,7463,1,11
3519,52.1711,1.1111,10480,9603,2735,0.46525,5178,0.10262,7122,0.089576,7521,0.34256,51,504,1,15
11139,42.1009,-72.0384,10480,27,0.59067,2724,0.40933,29
2837,61.1607,-45.4257,10480,754,1,11,5831,1,17,5654,1,14,7399,1,15
6828,-18.2169,-47.9014,10480,11461,2876,0.64836,6188,0.35164,39
1899,43.85,-80.7833,2043,9603,6705,0.36213,4912,0.35749,7257,0.0023641,7565,0.27802,56
12975,46.3422,-73.3889,2043,12271,5643,0.45265,745,0.39169,2735,0.15566,47,165,0.86903,7580,0.0049753,4632,0.12599,54
84,36.3298,-77.6352,2043,3524,0.12505,7565,0.87495,26,3829,1,16,7475,1,13
11597,42.0785,-76.0963,2043,4433,0.38948,1289,0.55656,3528,0.053966,55
11670,39.6917,-83.9902,2043,9198,4740,0.51451,7683,0.48549,37
10387,40.4352,-75.3819,8381,270,0.60227,2724,0.094976,2868,0.30276,30,6485,0.15712,6048,0.84288,23
6254,0.925,-70.7711,8381,3410,0.13867,4244,0.47519,2753,0.38613,48
6169,-21.7472,-48.8558,8381,5491,0.19037,3491,0.40746,1110,0.40217,33
2185,47.1575,-67.8347,8381,1533,0.71023,4232,0.28977,23
5981,-6.1178,-50.0042,9979,9198,12817,5505,0.31351,879,0.50323,6964,0.18327,35,1266,1,20
1524,46.5978,-64.005,9979,9198,425,0.2273,5074,0.58078,1197,0.19193,37
3971,37.175,-5.6161,9979,5424,0.40924,7229,0.085878,8383,0.45315,3898,0.051738,80,415,0.69689,1010,0.30311,38
2038,50.2819,-63.6114,9979,5332,1,18,4217,1,16,2862,0.60843,5548,0.39157,35
3436,51.2106,-1.6,9979,2530,0.015526,173,0.42061,5287,0.1988,2688,0.36506,78
3969,36.675,-4.4992,9979,2741,0.51561,7324,0.083331,4165,0.40106,31,2969,1,12,7087,1,19,2980,1,15
9060,42.8931,-73.6685,12632,12680,7313,0.7398,4162,0.2602,40,3944,1,10
4174,45.0883,6.0842,12632,11461,454,0.40514,371,0.3296,879,0.26526,53
1556,45.7356,-63.3183,12632,7122,0.53363,7521,0.22514,3941,0.24123,57,888,0.64636,3389,0.35364,20
6617,-23.0728,-50.4231,12632,11461,4247,0.2808,5637,0.081759,3703,0.63744,38
1515,52.5669,-55.7847,12680,12271,3761,0.49957,118,0.50043,36
4737,14.5183,-91.6967,12680,7226,1,10,2764,1,10
6072,-24.6853,-53.6967,12680,12632,4608,0.36875,5323,0.63125,40,5211,1,13
11147,39.4177,-76.679,12680,12892,0.45408,283,0.54592,25
181,4.4333,-7.3667,12680,7531,1,14,2916,1,16,5697,1,10
3021,51.2539,8.8761,7651,2542,0.024263,1293,0.28232,7307,0.69342,46
3699,62.18,6.0742,7651,210,1,13,7332,0.24841,7335,0.75159,36,3931,1,19
4913,14.5919,-60.9958,7651,2528,1,15,6484,0.4828,6059,0.5172,34
6349,3.3667,-57.3333,7651,3278,1,18,2951,1,15
1102,16.2333,-8.1667,7651,973,1,16,1122,0.19245,4455,0.80755,21
6835,-3.3569,-57.7122,7651,5166,0.16676,7568,0.56806,429,0.26518,34,2798,1,20
6333,-18.3189,-59.7658,7651,3251,0.55565,220,0.44435,33
10861,39.8409,-77.2742,12817,7422,0.010958,3797,0.19938,4193,0.78966,36
6604,-15.6189,-74.5361,12817,5965,0.20591,4653,0.20737,12789,0.25226,5809,0.16556,364,0.1689,77,6661,1,14
6152,-22.3369,-47.3583,12817,3867,1,16,4280,1,11
12765,-13.4044,-49.1572,12817,5018,0.62606,2741,0.37394,33,2645,1,14,846,1,13,4402,1,13
6015,-21.7931,-43.3856,12624,3792,1,18,3481,0.19378,3981,0.091666,758,0.71455,53
6286,12.2216,-71.9843,12624,12680,6009,1,17,3294,1,11,3702,1,19
8131,33.3868,-88.0066,12624,5235,0.20464,11398,0.082859,454,0.32111,6964,0.3914,72,12183,1,15
6674,-25.5406,-48.5311,12624,6498,0.28322,4042,0.71678,37
12391,39.8435,-85.8971,12624,644,0.23104,2621,0.76896,38,792,1,15
4182,43.8241,2.748,9603,12271,4284,0.6,7193,0.4,36
5908,-29.7833,-58.0167,9603,6161,0.55543,4583,0.44457,27
3473,53.7451,-2.8831,9603,12629,7178,0.51281,4947,0.1377,7164,0.34949,33
5932,-50.0222,-68.5781,9603,10480,1161,0.064876,5699,0.43918,5647,0.29255,4447,0.20339,69,5296,1,17
6253,1.8143,-78.7493,9603,12680,2688,0.55736,5808,0.44264,30
6130,-39.2914,-71.9208,11543,5286,0.321,3208,0.072847,4711,0.60615,43,4603,1,10
11192,42.2525,-85.8503,11543,2048,0.29176,991,0.55085,11515,0.15739,53,10757,1,18
1099,18.5667,-11.4333,11543,428,0.58609,13034,0.41391,23,7427,1,12,4146,1,16
6306,7.0689,-70.7369,4796,11163,0.56435,12945,0.43565,32
5855,-31,-64.5333,4796,1327,0.31776,1207,0.17925,4653,0.26249,12789,0.18698,364,0.053516,67,6683,1,11
6255,7.9717,-75.2017,4796,1043,0.21969,414,0.78031,34,5919,1,15
6462,-11.5344,-41.1797,4796,41,0.44273,3584,0.55727,27
6546,-17.0408,-71.9806,4796,793,0.2544,7601,0.7456,35
6108,-26.3083,-69.7517,4796,2594,1,19,6700,0.57639,6493,0.42361,38,5186,1,11
3417,59.2503,-2.5767,9198,2628,1,12,5041,1,13,3043,0.98062,13014,0.019383,24
3625,55.3022,9.5225,9198,3703,0.26517,4623,0.38845,693,0.10136,644,0.24501,79
6155,-22.7558,-47.2686,9198,7467,0.62049,6004,0.37951,32,5459,1,11
6820,-1.4039,-69.4236,12301,6536,1,11,7421,1,15,1187,0.53096,4428,0.46904,30
3886,51.1146,9.2859,12301,3898,0.48462,574,0.51538,29
6250,5.0833,-76.7,12301,5997,0.23691,3601,0.76309,30,2737,1,12,2765,1,11
3187,49.1411,8.3947,12301,3342,0.40587,464,0.3297,4497,0.26443,53,871,1,17
167,8.0114,-2.7647,12301,5070,0.53116,348,0.46884,20
6379,-21.1061,-45.8047,12301,7324,0.52109,4165,0.47891,33
4377,47.157,-1.6078,12301,796,0.0079739,3103,0.71138,4474,0.28064,42,13205,1,16
6079,-3.7769,-49.7197,11461,12680,3698,0.41855,6486,0.37337,3450,0.20808,57,3083,1,10
3412,59.1906,-2.7722,11461,674,0.48982,12906,0.51018,29
13084,21.6425,-82.955,11461,12632,7341,0.40852,4272,0.59148,27
6728,8.6195,-70.2208,11461,3009,1,12,2884,0.33291,5197,0.40601,4221,0.26108,58
1054,6.0677,-8.1335,12629,198,0.091961,7166,0.90323,4416,0.0048044,34
1517,45.2214,-63.1486,12629,3936,0.63577,4621,0.36423,31,4933,0.30542,5683,0.69458,32
6181,-22.41,-46.9053,12629,5671,0.24237,7581,0.06491,1327,0.0034139,4653,0.19158,364,0.49773,81,7492,0.2154,4107,0.23339,2490,0.55121,32
1924,45.4811,-72.3103,12629,3941,0.5915,2735,0.4085,33,6195,1,17,2770,1,11
9472,44.7926,-71.1642,12629,5930,0.48482,2621,0.2947,644,0.22048,33,6344,0.83242,2961,0.16758,24
9442,44.8888,-72.2292,12629,9832,0.29697,2356,0.70303,27,7151,1,19
6763,5.6,-67.6,12629,6988,1,10,263,1,14
1925,61.1587,-149.7806,10652,2463,0.29774,13038,0.70226,24
2339,60.4827,-149.7188,10652,1412,0.056746,7229,0.41812,3898,0.023421,1107,0.50171,72,10984,1,18
2433,70.2515,-148.3467,10652,2356,0.22903,2425,0.37242,6705,0.21183,7257,0.18672,50
364,-21.7,21.6667,6638,5855,6604,3272,6181,-1
6528,-22.2889,-45.9194,6638,-1
4390,48.798,7.8198,6638,-1
5584,35.3983,139.9098,6638,-1
5085,24.7175,46.7208,3272,-1
5809,24.8667,94.9,3272,6604,-1
7581,-10.2083,142.825,6510,6181,-1
481,-10.5667,33.4167,6510,-1
1249,2.3471,37.9842,6510,-1
1329,19.4336,37.2341,3241,-1
1152,7.15,40.7167,3241,-1
2604,49.9203,13.3769,3241,-1
7080,-37.7344,175.7419,3241,-1
5604,35.1433,128.695,6888,-1
7283,-37.8875,147.5678,6888,-1
1107,16.3,-8.05,7821,2339,8765,-1
1037,35.2798,-2.9563,7821,8765,-1
2483,50.2694,18.6728,7821,-1
1220,-2.6358,37.2508,7821,-1
7211,6.1943,100.4029,6473,-1
4447,40.9139,24.6197,6473,5932,-1
2868,51.1683,5.4697,6473,10387,-1
8468,45.0334,-67.3494,12369,-1
996,-6.1667,25.1833,12369,-1
3960,41.901,2.7606,3587,-1
211,13.5019,7.1197,3587,-1
5608,35.5933,129.3522,10597,-1
11922,33.7368,-81.8196,10597,-1
5727,19.45,103.1583,10588,-1
935,-7.5333,28.7,10588,-1
7333,-34.2152,135.6345,10588,-1
5877,-27.7656,-64.3099,10588,-1
566,-15.2,48.4833,4126,-1
7109,-37.1565,175.5502,4126,-1
3073,51.9325,8.6619,5896,-1
5287,6.8231,79.885,5896,3436,-1
745,-29.7306,28.7694,5896,12975,-1
3387,52.2417,-2.8814,11168,-1
7941,35.9118,-79.6176,11168,-1
5880,-29.2333,-67.4333,11168,-1
2748,66.59,66.61,6564,-1
4523,44.8222,10.2953,6564,-1
12355,49.0653,18.9508,6564,-1
2824,29.7167,106.64,6564,-1
8383,40.8854,-83.8686,8765,3971,-1
5190,23.5928,58.2817,8765,-1
6512,-13.4006,-44.2172,8765,-1
4618,46.6428,14.3372,5910,-1
1190,10.6347,47.3833,5910,-1
5531,33.1497,130.3022,5910,-1
7463,-16.6625,139.1781,5910,-1
2735,44.6533,40.09,3519,5896,1924,12975,-1
5178,25.2528,55.3644,3519,5896,-1
504,-13.2667,31.9333,3519,-1
27,43.8924,-69.9388,11139,-1
2724,53.8825,28.0325,11139,10387,6473,-1
754,-18.8144,17.0519,2837,-1
5831,20.8856,97.7369,2837,-1
5654,8.6011,123.3431,2837,-1
7399,-26.4217,120.5767,2837,-1
2876,50.9486,4.3919,6828,-1
6188,-21.8933,-51.8844,6828,-1
6705,-28.2769,-48.6967,1899,2433,-1
4912,16.0133,-61.7422,1899,-1
7257,-10.9508,142.4594,1899,2433,-1
5643,14.5099,121.0139,12975,-1
165,7.7524,-5.0677,12975,-1
7580,45.87,-63.4611,12975,-1
4632,39.6714,-31.1136,12975,-1
3524,52.0756,0.9778,84,-1
7565,-24.4939,150.5761,84,1899,-1
3829,59.3883,15.9208,84,-1
7475,-32.215,148.225,84,-1
4433,37.6836,26.3478,11597,6473,-1
1289,29.1333,15.95,11597,-1
3528,53.3943,-1.3885,11597,-1
4740,14.9163,-85.8999,11670,-1
7683,42.8836,-76.7811,11670,-1
270,-33.2833,26.5,10387,-1
6485,-17.3169,-44.8603,10387,-1
6048,-28.2433,-52.3289,10387,-1
3410,51.0094,-2.6388,6254,-1
4244,45.7294,4.9389,6254,-1
2753,61.3433,73.4033,6254,-1
5491,24.7842,141.3225,6169,-1
3491,57.54,-4.05,6169,-1
1110,17.2333,-10.8167,6169,-1
1533,47.4486,-67.6247,2185,-1
4232,46.2958,4.7958,2185,-1
5505,43.5775,144.96,5981,-1
879,-8.2,24.7333,5981,4174,-1
6964,-7.9805,142.8239,5981,8131,-1
1266,0.5306,37.5342,5981,-1
425,-26.1,31.9167,1524,-1
5074,28.3352,46.1249,1524,-1
1197,27.0464,31.0119,1524,-1
5424,6.7464,73.1685,3971,-1
7229,-2.2286,115.4483,3971,2339,8765,7821,-1
415,-3.7,12.1333,3971,-1
1010,16.2483,-0.0058,3971,-1
5332,24.9613,91.8716,2038,-1
4217,42.2907,9.1935,2038,-1
2862,66.2506,-15.2672,2038,-1
5548,34.4361,132.9194,2038,-1
2530,49.7711,19.218,3436,-1
173,4.6333,-6.9167,3436,5896,-1
2741,47.2583,39.8183,3969,12765,-1
2969,50.0333,8.5705,3969,-1
7087,-36.6567,174.6553,3969,-1
2980,52.5597,13.2877,3969,-1
7313,-20.6683,140.505,9060,-1
4162,45.4642,4.8289,9060,-1
3944,44.5556,15.7819,9060,-1
454,2.8728,9.9778,4174,8131,-1
371,-19.9725,23.4281,4174,-1
7122,-44.79,171.0917,1556,3519,-1
7521,-42.0756,145.5308,1556,3519,-1
888,-2.3,28.8167,1556,-1
3389,52.1922,-1.6144,1556,-1
4247,43.3847,6.3869,6617,-1
5637,27.0439,128.4017,6617,-1
3761,60.5561,14.3772,1515,-1
118,33.5131,6.7825,1515,-1
7226,-8.4855,126.3993,4737,-1
2764,53.2133,34.1783,4737,-1
4608,48.2122,13.3462,6072,-1
5323,22.7989,90.3012,6072,-1
5211,25.2749,64.5861,6072,-1
12892,-29.41,-49.8103,11147,-1
283,-26.1,27.7333,11147,-1
7531,-30.3206,153.1164,181,-1
2916,51.5778,12.4944,181,-1
5697,12.5347,121.4828,181,-1
2542,47.4393,19.2618,3021,-1
1293,29.54,20.17,3021,-1
7307,-31.5383,145.7939,3021,-1
210,14.2,1.4667,3699,-1
7332,-31.6222,117.2167,3699,-1
7335,-33.845,148.6483,3699,-1
3931,44.5659,14.3932,3699,-1
2528,52.1385,15.7986,4913,-1
6484,-18.7661,-44.4581,4913,-1
6059,-32.0817,-52.1633,4913,-1
3278,54.1853,7.9158,6349,-1
2951,51.7225,11.9472,6349,-1
973,-3.4,22.5333,1102,-1
1122,11.3261,-12.2869,1102,-1
4455,39.0578,26.5986,1102,-1
5166,34.5857,36.003,6835,-1
7568,-32.2483,147.3678,6835,-1
429,5.4,26.4833,6835,-1
2798,36.5167,103.6217,6835,-1
3251,53.1432,8.6234,6333,-1
220,19.0667,8.3667,6333,-1
7422,-34.4758,140.6639,10861,-1
3797,63.737,15.4627,10861,-1
4193,45.9664,-0.5261,10861,-1
5965,-1.3847,-48.4789,6604,-1
4653,39.1247,-9.3811,6604,5855,3272,6181,-1
12789,44.7794,8.7867,6604,5855,3272,-1
6661,-26.1589,-49.8322,6604,-1
3867,65.6443,21.0663,6152,-1
4280,43.5057,3.413,6152,-1
5018,37.5386,36.9533,12765,-1
2645,46.4677,24.4125,12765,-1
846,4.4389,19.5389,12765,-1
4402,49.0055,4.0863,12765,-1
3792,57.2922,14.1369,6015,-1
3481,52.8712,-2.5336,6015,-1
3981,43.3565,-1.7906,6015,-1
758,-22.6583,14.5667,6015,-1
6009,-4.2422,-56.0008,6286,-1
3294,53.5681,8.7894,6286,-1
3702,62.5789,11.345,6286,-1
5235,12.8291,45.0299,8131,-1
11398,35.5409,-78.3903,8131,-1
12183,38.6057,-77.5847,8131,-1
6498,-18.6111,-43.4239,6674,-1
4042,43.0088,1.1037,6674,-1
644,-0.8333,12.75,12391,3625,9472,-1
792,-2.8,19.9083,12391,-1
4284,43.9969,4.755,4182,-1
7193,1.1189,104.1142,4182,-1
6161,-24.0325,-48.3583,5908,8765,-1
4583,47.0625,16.0856,5908,8765,-1
7178,4.3133,118.1219,3473,-1
4947,34.7195,32.4847,3473,-1
7164,3.1239,113.0168,3473,-1
1161,5.8333,35.5667,5932,-1
5699,11.0565,124.5655,5932,-1
5647,15.4339,121.0872,5932,6473,-1
5296,20.2467,85.8185,5932,-1
2688,69.7833,170.595,6253,3436,-1
5808,20.7433,96.793,6253,-1
5286,7.7033,81.6783,6130,-1
3208,48.2698,7.8422,6130,-1
4711,45.1477,21.3097,6130,-1
4603,47.8986,13.9394,6130,-1
2048,70.7631,-117.8058,11192,-1
991,-4.175,24.6483,11192,-1
11515,39.6654,-74.3079,11192,-1
10757,34.1856,-79.0206,11192,-1
428,5.0167,21.2,1099,-1
13034,65.6558,-16.9181,1099,-1
7427,-38.2072,146.4703,1099,-1
4146,47.9814,3.7769,1099,-1
11163,44.9919,-70.6646,6306,-1
12945,47.4582,8.548,6306,-1
1327,15.3556,35.7278,5855,6181,-1
1207,25.6708,32.7064,5855,6638,-1
6683,-30.2775,-54.9253,5855,-1
1043,7.8913,-11.1766,6255,-1
414,-3.4833,12.3,6255,-1
5919,-42.7592,-65.1028,6255,-1
41,41.7281,0.53528,6462,-1
3584,52.2447,6.0467,6462,-1
793,-3.3833,19.6597,6546,-1
7601,-9.9,142.775,6546,-1
2594,49.5878,17.2108,6108,-1
6700,-29.6131,-52.2172,6108,-1
6493,-7.3503,-46.6339,6108,-1
5186,21.3769,57.0506,6108,-1
2628,49.8142,15.2017,3417,-1
5041,33.3333,69.9506,3417,-1
3043,53.5595,9.498,3417,-1
13014,24.4498,44.1212,3417,-1
3703,67.5278,12.1033,3625,6617,-1
4623,47.2042,14.7467,3625,-1
693,13.2333,18.3167,3625,-1
7467,-25.5133,152.715,6155,-1
6004,-23.4356,-46.4731,6155,-1
5459,6.9851,158.209,6155,-1
6536,-4.6072,-77.9406,6820,-1
7421,-27.4083,141.8083,6820,-1
1187,5.35,48.5333,6820,-1
4428,40.6556,22.4875,6820,-1
3898,49.743,10.2005,3886,3971,2339,-1
574,-16.1,45.3667,3886,7821,-1
5997,-27.6703,-48.5522,6250,-1
3601,52.6509,-7.2961,6250,-1
2737,44.225,43.0833,6250,-1
2765,55.4083,37.9083,6250,-1
3342,64.9292,25.3556,3187,-1
464,9.3367,13.3811,3187,-1
4497,37.4058,14.9239,3187,-1
871,2.7833,27.6333,3187,-1
5070,18.3011,42.8009,167,-1
348,-22.4494,29.3381,167,-1
7324,-13.7608,143.1136,6379,3969,-1
4165,44.7064,3.8877,6379,3969,-1
796,-2.4833,18.25,4377,-1
3103,48.2789,12.5047,4377,-1
4474,35.1931,25.3292,4377,-1
13205,42.8536,71.3036,4377,-1
3698,63.6992,9.6039,6079,-1
6486,-17.3506,-39.2172,6079,-1
3450,51.5053,0.0553,6079,-1
3083,48.111,9.7628,6079,-1
674,-5.7,53.65,3412,-1
12906,50.0361,82.4942,3412,-1
7341,-36.3603,143.0075,13084,-1
4272,44.2694,4.6528,13084,-1
3009,49.6064,8.3667,6728,-1
2884,50.4575,3.8203,6728,-1
5197,29.9611,70.4856,6728,-1
4221,47.8464,3.4967,6728,-1
198,6.5786,3.3228,1054,-1
7166,4.8082,115.0104,1054,-1
4416,44.0525,5.4939,1054,-1
3936,45.2169,14.5703,1517,-1
4621,48.1103,16.5697,1517,-1
4933,12.1404,-68.2762,1517,-1
5683,14.8915,120.8531,1517,-1
5671,12.3584,121.0464,6181,-1
7492,-12.1886,96.8306,6181,-1
4107,46.7187,-2.392,6181,-1
2490,54.0425,16.2656,6181,-1
3941,46.3914,16.5006,1924,5896,1556,-1
6195,-21.89,-50.5058,1924,-1
2770,51.815,39.23,1924,-1
5930,-44.0583,-70.4333,9472,-1
2621,49.9786,16.4264,9472,12391,-1
6344,-14.8183,-64.9133,9472,-1
2961,53.8069,12.2319,9472,-1
9832,45.3622,-68.5347,9442,-1
7151,-8.5211,140.4169,9442,-1
6988,1.3783,173.15,6763,-1
263,-33.769,18.7418,6763,-1
2463,64.6798,-165.2998,1925,-1
13038,61.8643,-162.0261,1925,-1
1412,59.2826,-158.6177,2339,8765,-1
10984,65.3113,-143.1355,2339,-1
2356,62.0954,-163.6821,2433,9442,-1
2425,57.1673,-170.2204,2433,-1
