10884,37.6796,-80.7104,-1,9853,0.1059,10806,0.42286,6281,0.0012852,11937,0.46995,63,9174,0.11609,1889,0.88391,23,1858,0.60105,12290,0.39895,24,7716,0.23667,11974,0.25035,8060,0.48445,9654,0.028531,77,11651,0.33825,12145,0.36205,11235,0.040675,12310,0.25903,46,8068,0.60423,9045,0.39577,30,4920,0.61356,9442,0.38644,23
9853,39.2203,-106.3161,10884,7000,0.37866,10983,0.62134,40,10964,0.027479,2360,0.10673,1423,0.15092,5445,0.2765,6985,0.14366,2362,0.28674,1499,0.00797,74,1435,0.21575,2444,0.14949,6487,0.19924,9994,0.43552,58
10806,29.3419,-98.8509,10884,10467,0.46461,10953,0.53539,22,8945,0.58367,12521,0.41633,31
6281,8.45,-76.7833,10884,6124,0.38813,6400,0.1738,6148,0.26216,6035,0.17591,66
11937,43.1481,-98.5404,10884,6985,0.043555,2362,0.22731,1632,0.091524,8418,0.20596,12234,0.21347,1499,0.21818,94
9174,27.5912,-81.5278,10884,6031,0.96165,6136,0.038348,21,6974,0.38793,6420,0.24004,6776,0.21278,6490,0.15925,50
1889,42.3064,-82.0819,10884,11437,0.071226,12959,0.058976,12219,0.26634,1427,0.24883,3757,0.35463,58,11810,0.1193,8323,0.089995,10954,0.7907,30,11321,0.24094,10208,0.75906,28
1858,44.9161,-76.9358,10884,3483,0.43643,4309,0.12933,2215,0.40432,10649,0.029911,74,3757,0.081444,4584,0.16833,8731,0.19133,11929,0.25762,12219,0.14359,1427,0.054809,2243,0.10286,100
12290,44.4547,-88.5618,10884,1427,0.24473,1428,0.23361,1666,0.20493,2243,0.10071,4345,0.21602,89
7716,39.1945,-99.3034,10884,10978,0.16724,2380,0.22451,2362,0.28763,12234,0.24149,9464,0.079131,100,1668,0.09625,2126,0.24284,4036,0.22096,6487,0.21718,1435,0.022344,9994,0.20042,86
11974,35.6513,-88.3789,10884,1400,0.38751,6203,0.16269,2390,0.4498,34,11828,0.39863,1844,0.31112,11579,0.29025,48
8060,36.1645,-92.1445,10884,1463,0.52264,1696,0.47736,38,8183,0.085471,1800,0.31922,2422,0.59531,36
9654,39.0729,-93.6775,10884,8741,0.376,1660,0.21475,8011,0.10401,12560,0.044352,12235,0.26089,74,9464,0.27112,12220,0.0075969,2294,0.27823,1499,0.22342,10978,0.21964,100
11651,41.778,-80.6955,10884,1438,0.14198,1449,0.28568,2257,0.47764,3489,0.094697,70,2213,0.98594,3700,0.014056,36
12145,31.4849,-97.3165,10884,12219,0.6722,9116,0.3278,35,7036,0.24484,10660,0.043602,1474,0.71156,49
11235,43.9868,-95.7826,10884,12235,0.0012831,2215,0.36111,10649,0.2416,10983,0.18324,8741,0.066986,4467,0.14578,97,12532,0.18448,6994,0.24142,1458,0.13589,1435,0.15516,2444,0.0035843,3211,0.27946,62,8421,0.30579,10735,0.69421,25
12310,38.2584,-80.6506,10884,8731,0.30002,2659,0.23537,4345,0.32624,11929,0.047526,12219,0.09084,98
8068,43.03,-82.6694,10884,2143,0.58059,8026,0.39601,2416,0.0234,33
9045,38.0425,-87.3178,10884,12234,0.1322,9175,0.30624,6985,0.28973,2362,0.084386,1632,0.18744,89,12700,0.086228,12685,0.31776,10732,0.59601,43
4920,18.4949,-67.1294,10884,4036,0.49166,695,0.063112,6487,0.11249,12532,0.11076,9994,0.22198,81,4356,0.82457,6580,0.17543,34,899,0.86485,6687,0.13515,21
9442,44.8888,-72.2292,10884,4467,0.11409,3717,0.044407,12560,0.35465,12235,0.48686,56,9994,0.10646,3211,0.19576,4508,0.22926,4036,0.20094,1458,0.069459,2126,0.19812,120,178,0.78177,2968,0.21823,35
7000,-17.355,-145.5083,9853,5929,1,17,5914,1,17
10983,70.638,-159.9948,9853,11235,12528,1,20,2445,1,12
10964,60.0202,-151.5894,9853,1429,0.30015,1854,0.24324,2246,0.45661,48
2360,60.5335,-165.1137,9853,7058,1,20,2406,1,12
1423,64.5131,-165.3959,9853,2463,1,17,2412,0.44956,2686,0.55044,29,1417,1,19
5445,21.3187,-157.9224,9853,12517,1,13,12541,1,20,7008,0.68996,7031,0.31004,34
1435,70.4673,-157.4357,9853,11235,7716,2350,0.2513,10982,0.53321,12350,0.21548,59
2444,70.4997,-149.8795,9853,11235,2386,0.10602,12552,0.35302,10956,0.54096,59
10467,35.1014,-120.6221,10806,8639,0.25979,8518,0.74021,20,11826,0.50281,6970,0.49719,26
10953,61.5363,-160.3413,10806,2403,0.31071,2379,0.20864,2338,0.23688,2375,0.24377,68
8945,41.9541,-118.631,10806,2159,0.51163,1481,0.27629,7018,0.21208,45,13216,1,14
12521,65.6979,-156.3514,10806,13217,0.54227,2376,0.26903,2408,0.1887,55,2452,1,11
6124,-35.8617,-71.5486,6281,5499,0.033348,771,0.16423,5193,0.1027,1236,0.30265,1392,0.39707,63,5365,1,12
6400,-20.0047,-48.9589,6281,4428,0.48383,2957,0.32617,1392,0.19,50,3893,0.23779,7035,0.43372,13015,0.32849,38
6148,-25.5639,-70.3767,6281,1309,0.69032,795,0.097999,7450,0.21168,53,1147,1,11
6035,0.0508,-51.0703,6281,7413,0.83949,1171,0.16051,25
6985,-15.9767,-173.755,11937,9045,9853,6986,0.87092,6983,0.12908,21
2362,66.8179,-161.0189,11937,7716,9045,9853,12527,0.10756,2460,0.89244,22,10957,1,15
1632,60.4394,-121.2367,11937,9045,12531,0.099446,12545,0.72104,2464,0.17951,58
8418,43.5326,-121.95,11937,5430,0.53962,10693,0.46038,29,10745,0.95045,1415,0.049552,34
6031,-16.705,-43.8208,9174,3856,0.86536,3912,0.13464,28,7152,1,14
6136,-34.1,-71.5167,9174,874,0.25484,5810,0.4222,7072,0.32296,51,5032,0.0016289,7266,0.49535,6720,0.50303,53
6974,-10.9153,-165.8454,9174,5432,1,12,6992,0.8574,6991,0.1426,20,6984,1,11
6420,-14.0672,-42.4672,9174,5838,0.47638,2403,0.28725,2379,0.23637,58,5279,1,17,3089,0.58249,3934,0.41751,28
6776,9.1,-62.05,9174,6590,1,10,5701,1,15
6490,-4.9392,-38.0119,9174,4236,0.88212,3230,0.11788,34
11437,48.3805,-102.898,1889,12096,0.24181,1659,0.67987,440,0.078321,49,12339,0.52896,9331,0.47104,31
12959,58.1967,-132.3192,1889,2375,0.1077,2379,0.8923,20,1414,0.48092,1433,0.51908,20,7002,1,16
11810,45.2902,-118.0071,1889,7800,0.62372,7178,0.37628,40,1695,1,17
8323,43.7788,-116.9385,1889,7012,0.63504,12204,0.36496,34
10954,64.3257,-158.7441,1889,2334,0.75039,12351,0.24961,36,6969,1,10
11321,45.6,-106.2672,1889,10995,0.10509,9699,0.89491,20
10208,41.8056,-107.1999,1889,11045,0.62749,11792,0.37251,27,9099,0.744,4813,0.256,32
3483,52.7982,-2.668,1858,3260,1,20,1208,0.53009,4536,0.46991,39
4309,47.0819,-0.8772,1858,1236,0.22931,1392,0.25052,4398,0.16706,771,0.13963,6971,0.21347,87
3757,58.4285,12.7112,1858,1889,4463,0.25035,1244,0.74965,25
4584,47.1475,16.3178,1858,3732,1,15,1265,1,15
1427,60.3353,-162.667,12290,1889,1858,12536,1,17,2373,0.14433,2355,0.30992,11045,0.54575,43
1428,59.0756,-160.273,12290,7035,0.28673,13015,0.012267,6996,0.29012,6976,0.16449,6993,0.2464,98,5446,1,20
1666,58.4914,-115.1383,12290,1607,0.63548,8155,0.32569,1984,0.038828,35,12228,1,16
2243,62.4103,-140.8675,12290,1858,13250,0.54031,5456,0.45969,20
10978,62.9927,-156.0682,7716,9654,10972,0.40967,2331,0.25657,10961,0.33376,60,12550,1,12
2380,62.7852,-164.491,7716,6968,0.50559,12561,0.49441,35
1668,57.7333,-117.6167,7716,1426,0.1508,13237,0.23739,2339,0.11315,2414,0.49866,48,2342,1,11
2126,56.2269,-117.4472,7716,9442,10319,1,17,1495,0.83046,10852,0.16954,22
1400,58.9902,-159.0499,11974,2347,0.30894,6971,0.024897,5193,0.25432,12525,0.41184,75
6203,-0.4539,-90.2658,11974,5052,0.18786,1393,0.069011,2376,0.17212,2408,0.016798,1702,0.2078,1710,0.34641,94
2390,59.6456,-151.4766,11974,10963,0.15434,13239,0.21861,1659,0.28937,1984,0.038899,5155,0.29877,75
11828,45.7725,-122.8624,11974,2348,0.12324,1654,0.38143,1570,0.49534,47
1844,51.6853,-105.37,11974,12912,0.17595,13220,0.82405,21,9092,1,15,1454,1,12
11579,39.403,-119.2512,11974,10343,0.74787,7868,0.25213,33,1512,1,11
1463,49.4606,-123.7186,8060,2453,1,13,2341,0.50174,2238,0.49826,28
1696,62.6194,-131.2786,8060,5439,0.69034,13235,0.080129,6996,0.22953,60,13219,0.61768,10958,0.38232,24
8183,35.6506,-112.148,8060,13248,0.39486,7022,0.21673,2466,0.38841,43
1800,52.8367,-104.0667,8060,1960,1,12,12567,1,14,1421,1,15
2422,57.0471,-135.3616,8060,2433,0.3563,2447,0.26697,13252,0.37673,59,2054,1,14
8741,46.8327,-123.0914,9654,11235,1424,1,17,1408,1,12
1660,49.4831,-111.4944,9654,10734,0.54578,12551,0.45422,38
8011,46.9654,-119.0664,9654,2414,0.30761,1487,0.69239,23
12560,59.7896,-154.1238,9654,9442,5440,0.46252,5444,0.31228,7014,0.2252,51,2402,1,16
9464,34.086,-118.0348,9654,7716,2377,0.3187,12405,0.6813,37
12220,46.3149,-124.0038,9654,1694,0.34708,2297,0.65292,29
2294,59.3336,-107.1822,9654,10702,1,20,7996,1,13,1651,0.55789,1437,0.44211,40
1499,49.1667,-122.55,9654,11937,9853,1963,0.42305,2420,0.36367,8539,0.21328,48,12566,1,14
1438,70.1377,-147.0275,11651,2351,1,16,2371,1,15,2400,0.67284,2415,0.32716,23
1449,51.5667,-123.8167,11651,12538,0.52971,10959,0.47029,36,2384,1,14
2257,69.5467,-93.5767,11651,10971,0.10508,12254,0.44589,9099,0.44903,60,1510,1,18,1614,1,13
3489,58.4589,-3.0931,11651,3049,0.1283,2414,0.8717,28,7502,0.65968,1182,0.34032,20
2213,55.1514,-105.2619,11651,2309,0.34439,9265,0.32508,756,0.20111,12551,0.12942,56
3700,66.3639,14.3014,11651,5376,0.36468,440,0.63532,33,458,0.45512,2673,0.54488,22
12219,47.0129,-121.5337,12145,12310,1889,1858,12252,0.30045,2024,0.34374,2425,0.35581,32,10870,1,15
9116,40.2662,-120.1526,12145,1796,0.38485,10741,0.59113,1602,0.024018,30
7036,-18.78,-138.8533,12145,6129,0.22539,1236,0.41727,6971,0.1697,12525,0.18764,42,5931,1,20
10660,39.581,-120.3544,12145,8726,0.50039,1455,0.49961,36
1474,51.6425,-121.3069,12145,2246,0.24648,1702,0.19526,1710,0.031097,2408,0.15881,1429,0.083716,1854,0.21567,12536,0.068955,79,2023,0.25416,756,0.2163,10734,0.52954,49
12235,48.0538,-122.8106,11235,9654,9442,9857,0.24556,12471,0.42072,2283,0.33372,31
2215,50.2481,-119.3306,11235,1858,13253,0.76698,12254,0.23302,30
10649,41.1396,-121.1239,11235,1858,2307,0.21052,9819,0.3637,12368,0.42578,31
12532,62.0605,-163.3021,11235,4920,7604,0.071216,2382,0.17461,5810,0.14259,3136,0.2836,7178,0.32798,92,2346,1,19
6994,-13.8297,-171.9972,11235,6981,0.3002,6976,0.31189,6993,0.075832,13235,0.31208,41
1458,50.2167,-126.6167,11235,9442,2462,0.042848,1471,0.50113,1403,0.45603,41
8421,45.3082,-122.3187,11235,12525,0.19822,9604,0.24692,6129,0.14715,6971,0.40771,46
10735,48.4839,-122.9377,11235,10227,1,19,9843,0.47923,2345,0.52077,26
8731,47.1042,-107.5034,12310,1858,10746,0.54944,1496,0.45056,27,2363,1,19
2659,49.2333,18.6136,12310,669,1,12,2661,1,17,61,1,13
4345,48.9056,4.3528,12310,12290,485,0.35658,3277,0.61382,12896,0.029602,38,7295,1,13
11929,45.05,-101.624,12310,1858,12737,1,17,10225,0.64617,5923,0.35383,34
2143,54.3764,-125.9514,8068,12824,0.36628,9537,0.10849,2403,0.35452,2379,0.17072,58,2349,1,18
8026,47.1776,-120.8527,8068,2424,0.64737,9752,0.35263,28,2368,1,17,9528,1,10
2416,59.7542,-161.8436,8068,2454,1,19,2434,1,20
12234,48.1202,-123.4997,9045,11937,7716,1491,0.50744,2064,0.49256,27
9175,33.4049,-118.4159,9045,11009,0.76275,10841,0.094454,10960,0.14279,32
12700,40.2673,-114.7667,9045,13242,0.37864,11123,0.15507,10631,0.46629,40,10966,1,19
12685,47.5002,-111.1834,9045,2426,1,13,9971,1,14
10732,48.1786,-114.3037,9045,10692,0.78082,9552,0.21918,39,8001,0.63559,10764,0.36441,36
4036,46.7815,0.5512,4920,7716,9442,3642,0.27616,4116,0.72384,33,234,1,19,664,1,11
695,12.3833,17.0667,4920,4469,0.71711,12728,0.28289,34,7446,1,16
6487,-3.6669,-42.8339,4920,9853,7716,2583,0.5491,2608,0.4509,26
4356,49.785,4.6428,4920,5572,0.8416,5507,0.1584,34
6580,-11.9287,-77.0611,4920,281,0.43281,567,0.24664,6924,0.32055,45,7428,1,13
899,-1.3333,27.7333,4920,5767,1,20,7088,0.29876,64,0.31137,7196,0.38988,36
6687,-30.345,-54.2678,4920,5155,0.2729,440,0.27851,10963,0.17855,13239,0.27004,62,975,1,17
4467,37.4231,24.95,9442,11235,5557,0.39088,7285,0.39661,7392,0.21251,51,1307,1,10
3717,63.4575,10.9242,9442,3136,0.0038979,7072,0.428,5534,0.052774,874,0.11654,7178,0.39878,71
9994,32.4944,20.4286,9442,4920,9853,7716,756,0.63861,2023,0.22959,12551,0.1318,38,6925,0.37998,1607,0.15567,10963,0.46434,42
3211,49.135,8.5636,9442,11235,5810,0.25229,7800,0.094963,3136,0.34735,874,0.16636,634,0.13904,68,1370,1,14
4508,39.895,8.6383,9442,7178,0.35414,634,0.40036,5477,0.2455,51
178,7.9683,-6.7108,9442,3791,1,20,7121,0.35863,2824,0.64137,30,2632,1,15
2968,50.9798,10.9581,9442,2821,0.021219,421,0.97878,22
5929,-48.7836,-70.1608,7000,-1
5914,-41.25,-68.7333,7000,-1
12528,64.5122,-165.4452,10983,-1
2445,69.7329,-163.0053,10983,-1
1429,56.2559,-158.7754,10964,1474,-1
1854,64.257,-149.1863,10964,1474,-1
7058,-43.81,-176.4573,2360,-1
2406,60.3714,-166.2706,2360,-1
2463,64.6798,-165.2998,1423,-1
2412,56.5771,-169.6637,1423,-1
2686,64.3783,-173.2467,1423,-1
1417,65.4059,-164.6557,1423,-1
12517,64.7362,-156.9374,5445,-1
12541,59.0528,-160.3969,5445,-1
7008,-23.0833,-134.8833,5445,-1
7031,-16.6881,-151.0261,5445,-1
2350,67.7362,-164.5635,1435,-1
10982,61.0968,-160.9695,1435,-1
12350,60.9058,-162.4391,1435,-1
2386,62.5066,-153.8936,2444,-1
12552,21.9761,-159.3386,2444,-1
10956,60.3533,-151.2628,2444,-1
8639,45.1804,-122.7434,10467,-1
8518,44.3046,-121.5392,10467,-1
11826,45.4018,-122.2287,10467,-1
6970,-21.8922,-157.9096,10467,-1
2403,68.8762,-166.1272,10953,2143,6420,-1
2379,58.6464,-162.0628,10953,2143,6420,12959,-1
2338,65.6226,-168.0949,10953,-1
2159,55.1797,-118.885,8945,-1
1481,49.7431,-122.1631,8945,-1
7018,-14.8694,-148.7133,8945,-1
13216,61.5363,-160.3413,8945,-1
13217,58.9902,-159.0499,12521,-1
2376,59.9608,-162.8813,12521,6203,-1
2408,61.5816,-159.543,12521,6203,1474,-1
2452,62.5206,-164.8478,12521,-1
5499,42.7333,143.2172,6124,-1
771,-5.8,13.4333,6124,4309,-1
5193,32.9721,70.5249,6124,1400,-1
5365,29.4653,80.5492,6124,-1
4428,40.6556,22.4875,6400,-1
2957,51.7653,11.4985,6400,-1
3893,51.768,14.292,6400,-1
1309,7.7833,33,6148,-1
795,-1.45,19.0167,6148,-1
7450,-28.705,121.89,6148,-1
1147,10.3333,37.7667,6148,-1
7413,-30.5983,138.4258,6035,-1
1171,10.0206,34.5789,6035,-1
6986,-18.5847,-173.9685,6985,-1
6983,-21.238,-175.1372,6985,-1
12527,67.5661,-162.975,2362,-1
2460,65.4562,-167.1755,2362,-1
10957,55.1163,-162.2662,2362,-1
12531,66.8141,-150.6436,1632,-1
12545,60.082,-142.4935,1632,-1
2464,69.0243,-163.8573,1632,-1
5430,20.9629,-156.673,8418,-1
10693,40.4929,-123.5998,8418,-1
10745,41.5121,-123.9956,8418,-1
1415,60.9042,-149.6238,8418,-1
3856,65.1075,20.7611,6031,-1
3912,50.0472,10.1708,6031,-1
7152,0.6383,122.8522,6031,-1
874,4.7333,27.6833,6136,3211,3717,-1
5032,38.4667,70.8667,6136,-1
7266,-36.7394,144.3297,6136,-1
6720,-30.9694,-55.4733,6136,-1
5432,-2.77,-171.7133,6974,-1
6992,-14.3114,-178.0661,6974,-1
6991,-19.0778,-169.9267,6974,-1
6984,-19.778,-174.3413,6974,-1
5838,18.8239,95.2697,6420,-1
5279,17.0122,73.3282,6420,-1
3089,49.1119,10.7819,6420,-1
3934,44.6317,14.2494,6420,-1
6590,-14.2667,-70.4667,6776,-1
5701,11.5977,122.7529,6776,-1
4236,44.5836,4.74,6490,-1
3230,51.5425,11.5958,6490,-1
12096,31.5825,-102.909,11437,-1
1659,55.8167,-112.5167,11437,2390,-1
12339,45.5494,-122.4013,11437,-1
9331,47.7743,-116.8196,11437,-1
2375,57.75,-152.4939,12959,10953,-1
1414,68.0654,-149.5797,12959,-1
1433,60.9029,-161.2306,12959,-1
7002,-15.1203,-148.2333,12959,-1
7800,36.9533,-121.4655,11810,3211,-1
1695,57.1408,-115.0739,11810,-1
7012,-17.3553,-138.445,8323,-1
12204,47.3954,-121.5365,8323,-1
2334,55.8022,-160.8972,10954,-1
12351,60.2153,-162.0438,10954,-1
6969,-19.9667,-158.125,10954,-1
10995,41.0188,-121.4333,11321,-1
9699,46.4486,-109.8528,11321,-1
11045,43.0374,-113.7342,10208,1427,-1
11792,44.8373,-117.8091,10208,-1
9099,40.9781,-124.1086,10208,2257,-1
4813,20.6174,-100.1857,10208,-1
3260,53.054,9.2087,3483,-1
1208,31.3253,27.2217,3483,-1
4536,44.1955,12.0696,3483,-1
1236,0.2639,34.7841,4309,7036,6124,-1
1392,2.25,32.9167,4309,6400,6124,-1
4398,46.9095,6.3295,4309,-1
4463,35.5314,24.1511,3757,-1
1244,3.1247,35.6086,3757,-1
3732,58.4981,13.0547,4584,-1
1265,-1.2783,36.8606,4584,-1
12536,66.2496,-166.0893,1427,1474,-1
2373,51.878,-176.646,1427,-1
2355,61.8659,-162.069,1427,-1
7035,-16.7231,-151.4669,1428,6400,-1
13015,-23.8839,-147.6644,1428,6400,-1
6996,-14.3317,-170.7115,1428,1696,-1
5446,20.7856,-156.9514,1428,-1
1607,65.5738,-144.7833,1666,9994,-1
8155,45.2466,-120.1665,1666,-1
1984,67.8167,-115.1439,1666,2390,-1
12228,48.6496,-120.502,1666,-1
13250,55.9008,-159.1556,2243,-1
5456,5.8833,-162.0667,2243,-1
10972,61.8453,-165.5713,10978,-1
2331,62.4527,-157.9891,10978,-1
10961,59.4499,-157.3283,10978,-1
12550,21.3074,-158.0703,10978,-1
6968,-18.8301,-159.7649,2380,-1
12561,60.5755,-165.2716,2380,-1
1426,59.4332,-154.8037,1668,-1
13237,59.8765,-163.1685,1668,-1
2339,60.4827,-149.7188,1668,-1
2342,56.3112,-158.5359,1668,-1
10319,34.3472,-119.0612,2126,-1
1495,57.9167,-131.1167,2126,-1
10852,44.068,-115.9315,2126,-1
2347,62.8946,-160.0649,1400,-1
6971,-10.3745,-161.0034,1400,4309,7036,8421,-1
5052,25.9184,50.5906,6203,-1
1393,-0.55,30.6,6203,-1
10963,63.0186,-154.3584,2390,9994,6687,-1
13239,66.8881,-157.1624,2390,6687,-1
2348,61.455,-142.3817,11828,-1
1654,59.6333,-117.1667,11828,-1
1570,67.0333,-126.0833,11828,-1
12912,-27.1583,-151.2667,1844,-1
13220,64.7293,-158.0742,1844,-1
9092,41.483,-120.5654,1844,-1
1454,49.0369,-116.4983,1844,-1
10343,36.1561,-119.3265,11579,-1
7868,48.9958,-116.501,11579,-1
1512,55.025,-120.9347,11579,-1
2453,57.4254,-157.7399,1463,-1
2341,61.1773,-145.6884,1463,-1
2238,56.2381,-120.7403,1463,-1
5439,21.5802,-158.1972,1696,-1
13235,61.8643,-162.0261,1696,6994,-1
13219,62.0954,-163.6821,1696,-1
10958,59.1281,-156.8586,1696,-1
13248,60.5414,-165.1039,8183,-1
7022,-16.6867,-145.3328,8183,-1
2466,66.274,-145.824,8183,-1
1960,68.5344,-89.8081,1800,-1
12567,64.9092,-165.0126,1800,-1
1421,60.6439,-151.305,1800,-1
2433,70.2515,-148.3467,2422,-1
2447,61.7881,-157.3503,2422,-1
13252,61.7749,-161.3194,2422,-1
2054,60.7892,-137.5456,2422,-1
1424,61.5791,-159.2156,8741,-1
1408,60.8667,-162.2731,8741,-1
10734,44.5298,-122.9295,1660,1474,-1
12551,21.1528,-157.0963,1660,9994,2213,-1
2414,59.0114,-161.8197,8011,1668,3489,-1
1487,57.2714,-125.445,8011,-1
5440,23.8672,-166.2875,12560,-1
5444,20.0013,-155.6681,12560,-1
7014,-18.2956,-137.0172,12560,-1
2402,70.3443,-150.9447,12560,-1
2377,64.7764,-141.1509,9464,-1
12405,48.0175,-122.4377,9464,-1
1694,55.7836,-118.8397,12220,-1
2297,64.9086,-125.5683,12220,-1
10702,38.3049,-121.4297,2294,-1
7996,38.5785,-122.4353,2294,-1
1651,62.5981,-111.5428,2294,-1
1437,61.5361,-149.8139,2294,-1
1963,59.5614,-108.4814,1499,-1
2420,63.6864,-170.4926,1499,-1
8539,42.8696,-124.0593,1499,-1
12566,70.3308,-149.5976,1499,-1
2351,64.8761,-157.7273,1438,-1
2371,61.781,-166.0395,1438,-1
2400,68.1336,-151.7433,1438,-1
2415,68.3488,-166.7993,1438,-1
12538,60.4757,-151.0341,1449,-1
10959,65.4726,-148.6692,1449,-1
2384,56.9614,-133.9103,1449,-1
10971,58.9059,-157.7138,2257,-1
1510,51.95,-124.8833,2257,-1
1614,54.4775,-110.2686,2257,-1
3049,51.0519,7.7064,3489,-1
7502,-20.7122,116.7733,3489,-1
1182,9.4878,44.0875,3489,-1
2309,54.0275,-132.1253,2213,-1
9265,33.4204,-112.6862,2213,-1
5376,26.7108,85.9244,3700,-1
458,5.7042,9.3036,3700,-1
2673,40.4675,50.0467,3700,-1
12252,45.6873,-122.5219,12219,-1
2024,61.7603,-121.2367,12219,-1
2425,57.1673,-170.2204,12219,-1
10870,45.8988,-122.7373,12219,-1
1796,61.8679,-158.1349,9116,-1
10741,47.0869,-122.4314,9116,-1
1602,52.8,-111.7667,9116,-1
6129,-40.5472,-73.1556,7036,8421,-1
5931,-51.6092,-72.2217,7036,-1
8726,48.6014,-113.1148,10660,-1
1455,52.4525,-125.3033,10660,-1
2246,54.4685,-128.5762,1474,10964,-1
1702,57.1375,-110.8925,1474,6203,-1
1710,65.4855,-144.6108,1474,6203,-1
2023,61.1808,-113.6897,1474,9994,-1
9857,36.9865,-120.1126,12235,-1
12471,48.7928,-122.5375,12235,-1
2283,55.3044,-123.1322,12235,-1
13253,65.2404,-166.3393,2215,-1
12254,46.897,-124.1007,2215,2257,-1
2307,51.7367,-121.3336,10649,-1
9819,42.1561,-121.7332,10649,-1
12368,37.2627,-120.9633,10649,-1
7604,-14.1867,-169.6667,12532,-1
2382,60.9391,-164.6413,12532,-1
2346,54.8474,-163.4103,12532,-1
6981,-16.6877,-179.873,6994,-1
6976,-21.2008,-159.795,6994,1428,-1
6993,-13.2383,-176.1989,6994,1428,-1
2462,61.1869,-149.9653,1458,-1
1471,50.5711,-127.0247,1458,-1
1403,63.0306,-163.5326,1458,-1
12525,64.9976,-150.6441,8421,7036,1400,-1
9604,47.0792,-122.5808,8421,-1
10227,35.2368,-120.6419,10735,-1
9843,37.6934,-121.8204,10735,-1
2345,59.354,-157.4744,10735,-1
10746,48.4249,-120.1459,8731,-1
1496,49.01,-118.7897,8731,-1
2363,61.5947,-149.0888,8731,-1
669,-14.7053,34.3542,2659,-1
2661,46.8933,75.005,2659,-1
61,33.4283,120.2033,2659,-1
485,-10.1833,32.6667,4345,-1
3277,52.2008,8.3778,4345,-1
12896,-9.304,125.2869,4345,-1
7295,-11.7691,130.6197,4345,-1
12737,21.8969,-159.6033,11929,-1
10225,34.0954,-117.2349,11929,-1
5923,-53.7775,-67.75,11929,-1
12824,-16.3394,-144.4031,2143,-1
9537,40.5539,-124.1327,2143,-1
2349,65.3313,-166.4657,2143,-1
2424,61.7005,-157.1659,8026,-1
9752,34.6068,-120.0756,8026,-1
2368,61.4165,-149.5074,8026,-1
9528,39.4991,-118.7488,8026,-1
2454,61.5338,-165.5839,2416,-1
2434,63.8884,-160.799,2416,-1
1491,60.3333,-123.8333,12234,-1
2064,60.2369,-123.4708,12234,-1
11009,38.2235,-122.4497,9175,-1
10841,44.4938,-116.0162,9175,-1
10960,61.2187,-142.8898,9175,-1
13242,59.7266,-157.2595,12700,-1
11123,38.675,-121.4454,12700,-1
10631,40.7193,-123.9276,12700,-1
10966,64.7592,-147.3877,12700,-1
2426,59.4424,-151.7041,12685,-1
9971,32.5098,-111.3253,12685,-1
10692,39.4552,-121.2916,10732,-1
9552,33.872,-117.9798,10732,-1
8001,37.6097,-118.0065,10732,-1
10764,46.2471,-116.4801,10732,-1
3642,56.1028,8.5142,4036,-1
4116,48.3863,5.1444,4036,-1
234,7.8,1.2833,4036,-1
664,-12.9833,40.5167,4036,-1
4469,36.3992,25.4792,695,-1
12728,48.8178,16.0658,695,-1
7446,-11.1583,132.5472,695,-1
2583,50.2031,12.915,6487,-1
2608,49.5667,13.0486,6487,-1
5572,37.9558,139.1117,4356,-1
5507,45.455,141.0392,4356,-1
281,-26.8667,26.7167,6580,-1
567,-15.5833,47.6167,6580,-1
6924,-8.5063,151.0809,6580,-1
7428,-19.3208,146.8019,6580,-1
5767,6.9328,100.395,899,-1
7088,-39.0086,174.1792,899,-1
64,22.0067,113.3766,899,-1
7196,0.9186,104.5272,899,-1
5155,36.7747,48.3592,6687,2390,-1
440,5.05,25.15,6687,3700,11437,-1
975,-2.3,23.2667,6687,-1
5557,34.7844,135.4392,4467,-1
7285,-27.4115,151.7353,4467,-1
7392,-29.8781,151.1433,4467,-1
1307,-1.5,29.6333,4467,-1
3136,51.9475,11.7697,3717,3211,12532,-1
7072,-39.6467,176.7669,3717,6136,-1
5534,31.3681,130.8381,3717,-1
756,-28.5847,16.45,9994,1474,2213,-1
6925,-6.1252,141.2824,9994,-1
5810,21.3034,99.6323,3211,12532,6136,-1
1370,-5.2548,39.8094,3211,-1
7178,4.3133,118.1219,4508,11810,12532,3717,-1
634,2.0833,11.4833,4508,3211,-1
5477,22.9528,120.2036,4508,-1
3791,56.5694,14.1693,178,-1
7121,-37.9206,176.9142,178,-1
2824,29.7167,106.64,178,-1
2632,47.6583,23.4662,178,-1
2821,36.265,120.375,2968,-1
421,-26.5286,31.3078,2968,-1
